c2_2_8

VEHICLE
NUMBER     CAPACITY
  50          700

CUSTOMER
CUST NO.  XCOORD.    YCOORD.    DEMAND   READY TIME  DUE DATE   SERVICE TIME   RELEASE DATE

    0      70         70          0          0       3598          0          0
    1      38        105         20       2568       3208         90       1409
    2     100          5         20        428       1068         90          0
    3     111         78         10        781       1421         90          0
    4      96         62         10       2577       3217         90       1418
    5     122         11         30       1682       2322         90        523
    6      94         18         30         57        697         90          0
    7      60         89         10       2357       2997         90       1198
    8      67        123         20        666       1306         90          0
    9      99         53         20       1577       2217         90        431
   10      26         24         20         63        703         90          0
   11      93         61         10       2670       3310         90       1511
   12      27         32         20        969       1609         90          0
   13      25         31         20        877       1517         90          0
   14      98         36         10       2824       3464         90       1665
   15     101         68         10        677       1317         90          0
   16      49         48         10       1163       1803         90        340
   17      56         95         10       2260       2900         90       1101
   18      14        107         20        595       1235         90          0
   19      98         46         20       1674       2314         90        515
   20     131          4         40       1397       2037         90        340
   21      94         89         20       2555       3195         90       1396
   22      70        113         30       1061       1701         90          0
   23      94         59         30       2762       3402         90       1603
   24      64         59         10       1680       2320         90        521
   25     112          3         10       1105       1745         90          0
   26      20        108         10        499       1139         90          0
   27      10        118         20       1276       1916         90        340
   28      76         65         40          7        647         90          0
   29     103         12         20        331        971         90          0
   30      44         62         30        877       1517         90          0
   31      96        138         10       1748       2388         90        589
   32      27         44         20       1166       1806         90        340
   33      21         28         40        782       1422         90          0
   34      26         91         10       2820       3460         90       1661
   35      98         75         10        483       1123         90          0
   36      69         48         20       2846       3486         90       1687
   37      19        116         10       1776       2416         90        617
   38      60        111         10        186        826         90          0
   39      54        102         20         35        675         90          0
   40      63        103         20         33        673         90          0
   41      91         91         10        184        824         90          0
   42      77         15         10         55        695         90          0
   43      77        117         30       1342       1982         90        340
   44     115         41         20       2448       3088         90       1289
   45      12         33         10        591       1231         90          0
   46      44         82         20        562       1202         90          0
   47     117         55         20       1094       1734         90          0
   48     116         10         20        916       1556         90          0
   49      57         77         20       1880       2520         90        721
   50      29         36         20       1264       1904         90        340
   51      90         91         10       2649       3289         90       1490
   52      62         73         20       2830       3470         90       1671
   53       6        121         20       1371       2011         90        340
   54     105         49         10       2084       2724         90        925
   55      28        115         10       2164       2804         90       1005
   56       4        137         30       1478       2118         90        340
   57      11        100         20        693       1333         90          0
   58      67         84         30       2637       3277         90       1478
   59      23         22         20        117        757         90          0
   60      41         64         20        783       1423         90          0
   61      56         56         40       1263       1903         90        340
   62      80         40         20       1472       2112         90        340
   63      60         66         30         10        650         90          0
   64      16         90         20         57        697         90          0
   65     104         82         30        384       1024         90          0
   66      64         78         10       2734       3374         90       1575
   67      47         36         20         41        681         90          0
   68      46         80         20       2842       3482         90       1683
   69      86        124         20       1541       2181         90        431
   70      48         72         20        368       1008         90          0
   71     121          9         10       1499       2139         90        340
   72      60         52         20       1359       1999         90        340
   73      25         46         20       1073       1713         90          0
   74      26         15         20       1759       2399         90        600
   75      98        116         30       2256       2896         90       1097
   76      66        131         10        568       1208         90          0
   77      15         30         20        685       1325         90          0
   78      66        117         30        762       1402         90          0
   79     111         70         20       2470       3110         90       1311
   80     123         19         20       1971       2611         90        812
   81      17         18         30       1951       2591         90        792
   82      57         87         10       2162       2802         90       1003
   83     102         33         30       2747       3387         90       1588
   84       7        113         10       1181       1821         90        340
   85      37        115         20       2263       2903         90       1104
   86      17         25         10        214        854         90          0
   87      83        105         30       2058       2698         90        899
   88      51        115         10       2367       3007         90       1208
   89      96         55         20       1389       2029         90        340
   90     112          2         20       1196       1836         90        340
   91     116         23         20       2249       2889         90       1090
   92      57         70         10       1783       2423         90        624
   93      15         23         30        307        947         90          0
   94      45         68         30        181        821         90          0
   95      19         41         10       2746       3386         90       1587
   96      38         16         10       1376       2016         90        340
   97      81        135         20       1643       2283         90        484
   98      62        128         20        473       1113         90          0
   99      49         70         20        276        916         90          0
  100      24         19         10       1854       2494         90        695
  101     119         20         10       2155       2795         90        996
  102      62        125         30        380       1020         90          0
  103      29         10         30       1573       2213         90        431
  104      13         80         30         57        697         90          0
  105      65         73         10       2863       3503         90       1704
  106     109         25         10       2555       3195         90       1396
  107      91         71         10         21        661         90          0
  108      47         57         30        973       1613         90          0
  109       9         42         20       2449       3089         90       1290
  110      96         23         30         53        693         90          0
  111      26        102         40       2670       3310         90       1511
  112       4         15         20       2151       2791         90        992
  113       3         98         10        791       1431         90          0
  114      35         88         20       2829       3469         90       1670
  115      18        107         10        315        955         90          0
  116      95         68         20        581       1221         90          0
  117      58         85         10       2070       2710         90        911
  118      11         23         10        401       1041         90          0
  119      61        107         10         92        732         90          0
  120       3         17         10       2243       2883         90       1084
  121      26        104         10       1971       2611         90        812
  122      74         56         10       1579       2219         90        431
  123      24        105         10       1878       2518         90        719
  124      30        106         30       2065       2705         90        906
  125       4         33         20       2349       2989         90       1190
  126     106          0         10        720       1360         90          0
  127     120         10         20       1590       2230         90        431
  128     106          5         30        815       1455         90          0
  129      30         58         20       2827       3467         90       1668
  130       9          9         10       2053       2693         90        894
  131       7         92         20        888       1528         90          0
  132      50         29         10         45        685         90          0
  133      46         52         10       1068       1708         90          0
  134      70        110         30        968       1608         90          0
  135      37        111         20       2472       3112         90       1313
  136      75         64         20          7        647         90          0
  137      20         93         10         55        695         90          0
  138      94          1         10        526       1166         90          0
  139      41         12         10       1471       2111         90        340
  140      20        109         10        408       1048         90          0
  141      28         14         20       1667       2307         90        508
  142      87         63         30         18        658         90          0
  143     101          4         10        623       1263         90          0
  144      80         22         10         49        689         90          0
  145     117         10         10       1007       1647         90          0
  146     103         33         10       1778       2418         90        619
  147     104         51         20       2176       2816         90       1017
  148     103         19         30        234        874         90          0
  149       7         52         20       2550       3190         90       1391
  150      73        119         30       1247       1887         90        340
  151      79        128         30       1443       2083         90        340
  152      10         50         20       2643       3283         90       1484
  153      26         23         50         64        704         90          0
  154      95        103         20       2451       3091         90       1292
  155     101         59         30       1293       1933         90        340
  156     113         67         20       2376       3016         90       1217
  157      25         94         10       2768       3408         90       1609
  158     120         20         20       2064       2704         90        905
  159     105         26         30       2649       3289         90       1490
  160      59         77         20       1972       2612         90        813
  161     116         34         20       1976       2616         90        817
  162      45         71         10        461       1101         90          0
  163      86        109         10       2153       2793         90        994
  164      15         96         10        120        760         90          0
  165      64         88         30       2542       3182         90       1383
  166      60        115         20        280        920         90          0
  167      63        100         10         30        670         90          0
  168      94        104         30       2359       2999         90       1200
  169       8        102         10        988       1628         90          0
  170      64         89         10       2451       3091         90       1292
  171      61         66         10          9        649         90          0
  172      95        121         10       1948       2588         90        789
  173      47         63         30         86        726         90          0
  174      19         96         10        214        854         90          0
  175     103         55         20       1198       1838         90        340
  176      36         94         30       2827       3467         90       1668
  177      75        103         20        869       1509         90          0
  178      65         80         10         11        651         90          0
  179      94         56         30       1481       2121         90        340
  180      18        123         20       1679       2319         90        520
  181      92        123         10       1854       2494         90        695
  182      12         31         20        499       1139         90          0
  183     106         81         20        292        932         90          0
  184      98         28         10        133        773         90          0
  185      14        133         30       1578       2218         90        431
  186     101         32         20       1871       2511         90        712
  187      25         66         10        677       1317         90          0
  188      78         61         40         12        652         90          0
  189     123         64         20        994       1634         90          0
  190     126         20         20       1877       2517         90        718
  191      72        117         10       1155       1795         90          0
  192      10        105         20       1082       1722         90          0
  193     128          0         10       1302       1942         90        340
  194     130         16         30       1782       2422         90        623
  195     114         63         10       2282       2922         90       1123
  196      80         63         20         12        652         90          0
  197     113         36         10       2352       2992         90       1193
  198      15         94         30         60        700         90          0
  199     129         77         10        889       1529         90          0
  200      85         85         20         85        725         90          0
