c2_2_6

VEHICLE
NUMBER     CAPACITY
  50          700

CUSTOMER
CUST NO.  XCOORD.    YCOORD.    DEMAND   READY TIME  DUE DATE   SERVICE TIME   RELEASE DATE

    0      70         70          0          0       3598          0          0
    1      38        105         20       2629       3147         90       1442
    2     100          5         20        424       1073         90          0
    3     111         78         10        881       1322         90          0
    4      96         62         10       2668       3125         90       1442
    5     122         11         30       1754       2251         90        811
    6      94         18         30        143        562         90          0
    7      60         89         10       2357       2998         90       1213
    8      67        123         20        704       1269         90          0
    9      99         53         20       1667       2128         90        811
   10      26         24         20         63        539         90          0
   11      93         61         10       2690       3290         90       1596
   12      27         32         20       1029       1549         90          0
   13      25         31         20        875       1519         90          0
   14      98         36         10       2900       3423         90       1630
   15     101         68         10        847       1147         90          0
   16      49         48         10       1216       1749         90          0
   17      56         95         10       2361       2800         90       1213
   18      14        107         20        682       1148         90          0
   19      98         46         20       1648       2341         90        811
   20     131          4         40       1496       1938         90        811
   21      94         89         20       2627       3122         90       1442
   22      70        113         30       1177       1584         90          0
   23      94         59         30       2770       3395         90       1596
   24      64         59         10       1747       2253         90        811
   25     112          3         10       1149       1701         90          0
   26      20        108         10        596       1043         90          0
   27      10        118         20       1350       1842         90        811
   28      76         65         40          7        571         90          0
   29     103         12         20        429        872         90          0
   30      44         62         30        963       1430         90          0
   31      96        138         10       1904       2232         90        811
   32      27         44         20       1186       1786         90          0
   33      21         28         40        792       1412         90          0
   34      26         91         10       2933       3429         90       1630
   35      98         75         10        487       1119         90          0
   36      69         48         20       2889       3486         90       1687
   37      19        116         10       1886       2306         90        811
   38      60        111         10        252        760         90          0
   39      54        102         20         35        646         90          0
   40      63        103         20         33        556         90          0
   41      91         91         10        273        734         90          0
   42      77         15         10         55        498         90          0
   43      77        117         30       1422       1902         90        811
   44     115         41         20       2542       2994         90       1213
   45      12         33         10        652       1169         90          0
   46      44         82         20        627       1137         90          0
   47     117         55         20       1268       1561         90          0
   48     116         10         20       1047       1425         90          0
   49      57         77         20       1933       2467         90        811
   50      29         36         20       1398       1770         90          0
   51      90         91         10       2595       3344         90       1596
   52      62         73         20       2889       3410         90       1630
   53       6        121         20       1401       1982         90        811
   54     105         49         10       2199       2610         90        811
   55      28        115         10       2211       2758         90       1213
   56       4        137         30       1638       1958         90        811
   57      11        100         20        720       1306         90          0
   58      67         84         30       2676       3238         90       1442
   59      23         22         20        161        714         90          0
   60      41         64         20        807       1400         90          0
   61      56         56         40       1327       1840         90        811
   62      80         40         20       1545       2040         90        811
   63      60         66         30        129        477         90          0
   64      16         90         20         57        556         90          0
   65     104         82         30        432        977         90          0
   66      64         78         10       2809       3300         90       1596
   67      47         36         20         41        536         90          0
   68      46         80         20       2986       3482         90       1687
   69      86        124         20       1639       2083         90        811
   70      48         72         20        474        901         90          0
   71     121          9         10       1571       2066         90        811
   72      60         52         20       1437       1921         90        811
   73      25         46         20       1148       1638         90          0
   74      26         15         20       1828       2330         90        811
   75      98        116         30       2311       2842         90       1213
   76      66        131         10        626       1150         90          0
   77      15         30         20        784       1226         90          0
   78      66        117         30        894       1270         90          0
   79     111         70         20       2601       2978         90       1213
   80     123         19         20       2046       2535         90        811
   81      17         18         30       1950       2592         90        811
   82      57         87         10       2258       2707         90       1213
   83     102         33         30       2819       3314         90       1596
   84       7        113         10       1199       1802         90        811
   85      37        115         20       2296       2871         90       1213
   86      17         25         10        286        782         90          0
   87      83        105         30       2083       2673         90       1213
   88      51        115         10       2498       2876         90       1213
   89      96         55         20       1476       1942         90        811
   90     112          2         20       1295       1738         90          0
   91     116         23         20       2294       2843         90       1213
   92      57         70         10       1834       2372         90        811
   93      15         23         30        434        819         90          0
   94      45         68         30        205        798         90          0
   95      19         41         10       2794       3338         90       1596
   96      38         16         10       1469       1923         90        811
   97      81        135         20       1719       2208         90        811
   98      62        128         20        564       1022         90          0
   99      49         70         20        295        897         90          0
  100      24         19         10       1884       2463         90        811
  101     119         20         10       2182       2767         90       1213
  102      62        125         30        512        888         90          0
  103      29         10         30       1684       2103         90        811
  104      13         80         30         57        574         90          0
  105      65         73         10       2926       3503         90       1704
  106     109         25         10       2619       3130         90       1442
  107      91         71         10         21        615         90          0
  108      47         57         30       1006       1579         90          0
  109       9         42         20       2503       3036         90       1442
  110      96         23         30         53        478         90          0
  111      26        102         40       2740       3241         90       1442
  112       4         15         20       2129       2813         90       1213
  113       3         98         10        906       1317         90          0
  114      35         88         20       2973       3469         90       1687
  115      18        107         10        381        890         90          0
  116      95         68         20        575       1227         90          0
  117      58         85         10       2179       2600         90        811
  118      11         23         10        583        859         90          0
  119      61        107         10        169        654         90          0
  120       3         17         10       2273       2854         90       1213
  121      26        104         10       2061       2521         90        811
  122      74         56         10       1628       2170         90        811
  123      24        105         10       1902       2494         90        811
  124      30        106         30       2194       2575         90        811
  125       4         33         20       2334       3005         90       1213
  126     106          0         10        748       1332         90          0
  127     120         10         20       1676       2145         90        811
  128     106          5         30        877       1393         90          0
  129      30         58         20       2877       3467         90       1687
  130       9          9         10       2113       2634         90       1213
  131       7         92         20        947       1470         90          0
  132      50         29         10         45        546         90          0
  133      46         52         10       1117       1658         90          0
  134      70        110         30       1052       1524         90          0
  135      37        111         20       2502       3082         90       1442
  136      75         64         20          7        590         90          0
  137      20         93         10         55        643         90          0
  138      94          1         10        553       1139         90          0
  139      41         12         10       1483       2098         90        811
  140      20        109         10        507        949         90          0
  141      28         14         20       1768       2206         90        811
  142      87         63         30         18        607         90          0
  143     101          4         10        699       1188         90          0
  144      80         22         10         49        649         90          0
  145     117         10         10       1092       1561         90          0
  146     103         33         10       1864       2332         90        811
  147     104         51         20       2296       2696         90       1213
  148     103         19         30        199        909         90          0
  149       7         52         20       2659       3080         90       1442
  150      73        119         30       1343       1791         90          0
  151      79        128         30       1519       2008         90        811
  152      10         50         20       2773       3154         90       1442
  153      26         23         50         64        683         90          0
  154      95        103         20       2529       3012         90       1213
  155     101         59         30       1350       1875         90        811
  156     113         67         20       2462       2930         90       1213
  157      25         94         10       2809       3367         90       1596
  158     120         20         20       2110       2657         90       1213
  159     105         26         30       2759       3178         90       1442
  160      59         77         20       2071       2513         90        811
  161     116         34         20       2090       2502         90        811
  162      45         71         10        458       1105         90          0
  163      86        109         10       2168       2778         90       1213
  164      15         96         10        220        660         90          0
  165      64         88         30       2627       3098         90       1442
  166      60        115         20        350        850         90          0
  167      63        100         10         30        691         90          0
  168      94        104         30       2491       2867         90       1213
  169       8        102         10       1057       1560         90          0
  170      64         89         10       2458       3084         90       1442
  171      61         66         10         69        354         90          0
  172      95        121         10       2067       2469         90        811
  173      47         63         30        260        551         90          0
  174      19         96         10        203        865         90          0
  175     103         55         20       1246       1790         90          0
  176      36         94         30       2881       3467         90       1687
  177      75        103         20        983       1395         90          0
  178      65         80         10         11        628         90          0
  179      94         56         30       1548       2054         90        811
  180      18        123         20       1774       2224         90        811
  181      92        123         10       1893       2455         90        811
  182      12         31         20        622       1016         90          0
  183     106         81         20        428        795         90          0
  184      98         28         10        173        733         90          0
  185      14        133         30       1551       2246         90        811
  186     101         32         20       1885       2497         90        811
  187      25         66         10        758       1235         90          0
  188      78         61         40         12        417         90          0
  189     123         64         20       1077       1551         90          0
  190     126         20         20       1933       2462         90        811
  191      72        117         10       1303       1648         90          0
  192      10        105         20       1243       1562         90          0
  193     128          0         10       1315       1930         90        811
  194     130         16         30       1819       2385         90        811
  195     114         63         10       2327       2877         90       1213
  196      80         63         20         12        651         90          0
  197     113         36         10       2405       2939         90       1213
  198      15         94         30         80        616         90          0
  199     129         77         10        999       1419         90          0
  200      85         85         20        132        678         90          0
