c2_2_9

VEHICLE
NUMBER     CAPACITY
  50          700

CUSTOMER
CUST NO.  XCOORD.    YCOORD.    DEMAND   READY TIME  DUE DATE   SERVICE TIME   RELEASE DATE

    0      70         70          0          0       3598          0          0
    1      38        105         20       2318       3457         90       1658
    2     100          5         20        523        973         90          0
    3     111         78         10        892       1310         90          0
    4      96         62         10       2118       3481         90       1682
    5     122         11         30       1476       2528         90        729
    6      94         18         30        111        595         90          0
    7      60         89         10       2335       3019         90       1220
    8      67        123         20        527       1445         90          0
    9      99         53         20       1216       2579         90        780
   10      26         24         20         63       1177         90          0
   11      93         61         10       2000       3484         90       1685
   12      27         32         20        684       1894         90        374
   13      25         31         20        764       1630         90          0
   14      98         36         10       2647       3464         90       1665
   15     101         68         10        369       1625         90          0
   16      49         48         10       1232       1733         90          0
   17      56         95         10       2263       2898         90       1099
   18      14        107         20        384       1447         90          0
   19      98         46         20       1532       2456         90        657
   20     131          4         40       1393       2041         90        374
   21      94         89         20       2458       3292         90       1493
   22      70        113         30        985       1776         90          0
   23      94         59         30       2862       3302         90       1503
   24      64         59         10       1465       2535         90        736
   25     112          3         10        975       1875         90        374
   26      20        108         10        370       1268         90          0
   27      10        118         20        908       2284         90        485
   28      76         65         40          7        558         90          0
   29     103         12         20        126       1175         90          0
   30      44         62         30        587       1806         90        374
   31      96        138         10       1358       2778         90        979
   32      27         44         20        928       2043         90        374
   33      21         28         40       1027       1177         90          0
   34      26         91         10       2127       3460         90       1661
   35      98         75         10        289       1317         90          0
   36      69         48         20       3164       3235         90       1436
   37      19        116         10       1330       2863         90       1064
   38      60        111         10        468        544         90          0
   39      54        102         20         72        554         90          0
   40      63        103         20         33        411         90          0
   41      91         91         10         29       1319         90          0
   42      77         15         10         55       1080         90          0
   43      77        117         30       1197       2126         90        374
   44     115         41         20       2237       3299         90       1500
   45      12         33         10        621       1201         90          0
   46      44         82         20        457       1307         90          0
   47     117         55         20       1064       1764         90          0
   48     116         10         20        777       1695         90          0
   49      57         77         20       1903       2497         90        698
   50      29         36         20        851       2317         90        518
   51      90         91         10       2529       3410         90       1611
   52      62         73         20       2783       3500         90       1701
   53       6        121         20       1533       1849         90        374
   54     105         49         10       1730       3079         90       1280
   55      28        115         10       2075       2894         90       1095
   56       4        137         30       1216       2380         90        581
   57      11        100         20        436       1590         90          0
   58      67         84         30       2524       3390         90       1591
   59      23         22         20        196        679         90          0
   60      41         64         20        756       1450         90          0
   61      56         56         40        868       2299         90        518
   62      80         40         20       1470       2115         90        374
   63      60         66         30         10        804         90          0
   64      16         90         20         57       1026         90          0
   65     104         82         30        217       1191         90          0
   66      64         78         10       2269       3498         90       1699
   67      47         36         20         41        285         90          0
   68      46         80         20       2424       3482         90       1683
   69      86        124         20       1303       2419         90        620
   70      48         72         20        155       1220         90          0
   71     121          9         10       1273       2364         90        565
   72      60         52         20       1172       2185         90        485
   73      25         46         20        658       2128         90        374
   74      26         15         20       1715       2443         90        644
   75      98        116         30       1955       3198         90       1399
   76      66        131         10        256       1521         90          0
   77      15         30         20        714       1296         90          0
   78      66        117         30        744       1421         90          0
   79     111         70         20       2661       2919         90       1120
   80     123         19         20       1749       2833         90       1034
   81      17         18         30       1946       2595         90        796
   82      57         87         10       2127       2838         90       1039
   83     102         33         30       2794       3339         90       1540
   84       7        113         10       1076       1926         90        374
   85      37        115         20       2388       2778         90        979
   86      17         25         10         69       1411         90          0
   87      83        105         30       2135       2620         90        821
   88      51        115         10       2152       3222         90       1423
   89      96         55         20       1318       2100         90        374
   90     112          2         20        772       2261         90        485
   91     116         23         20       1921       3217         90       1418
   92      57         70         10       1655       2551         90        752
   93      15         23         30        518        736         90          0
   94      45         68         30        204        799         90          0
   95      19         41         10       2828       3303         90       1504
   96      38         16         10       1219       2173         90        374
   97      81        135         20       1801       2125         90        374
   98      62        128         20        212       1375         90          0
   99      49         70         20         21       1288         90          0
  100      24         19         10       1931       2417         90        618
  101     119         20         10       2031       2919         90       1120
  102      62        125         30        304       1096         90          0
  103      29         10         30       1617       2170         90        374
  104      13         80         30         57        825         90          0
  105      65         73         10       2985       3500         90       1701
  106     109         25         10       1981       3449         90       1650
  107      91         71         10         21       1437         90          0
  108      47         57         30        813       1772         90          0
  109       9         42         20       2705       2834         90       1035
  110      96         23         30        139        376         90          0
  111      26        102         40       2793       3188         90       1389
  112       4         15         20       2405       2537         90        738
  113       3         98         10        746       1476         90          0
  114      35         88         20       2746       3469         90       1670
  115      18        107         10        507        764         90          0
  116      95         68         20        576       1226         90          0
  117      58         85         10       1962       2818         90       1019
  118      11         23         10        271       1170         90          0
  119      61        107         10        201        623         90          0
  120       3         17         10       2254       2872         90       1073
  121      26        104         10       1964       2618         90        819
  122      74         56         10       1296       2502         90        703
  123      24        105         10       2037       2359         90        560
  124      30        106         30       1976       2794         90        995
  125       4         33         20       2190       3149         90       1350
  126     106          0         10        740       1340         90          0
  127     120         10         20       1528       2292         90        493
  128     106          5         30        819       1450         90          0
  129      30         58         20       2258       3467         90       1668
  130       9          9         10       2052       2694         90        895
  131       7         92         20        660       1757         90          0
  132      50         29         10         45       1322         90          0
  133      46         52         10       1015       1760         90          0
  134      70        110         30        561       2014         90        374
  135      37        111         20       2402       3181         90       1382
  136      75         64         20          7        923         90          0
  137      20         93         10         55       1152         90          0
  138      94          1         10        573       1118         90          0
  139      41         12         10       1331       2250         90        485
  140      20        109         10        520        936         90          0
  141      28         14         20       1983       1992         90        374
  142      87         63         30         18       1587         90          0
  143     101          4         10        488       1398         90          0
  144      80         22         10         49        851         90          0
  145     117         10         10        818       1836         90        374
  146     103         33         10       1607       2589         90        790
  147     104         51         20       1890       3102         90       1303
  148     103         19         30         60       1526         90          0
  149       7         52         20       2352       3388         90       1589
  150      73        119         30       1136       1999         90        374
  151      79        128         30       1433       2093         90        374
  152      10         50         20       2732       3194         90       1395
  153      26         23         50         64       1185         90          0
  154      95        103         20       2090       3451         90       1652
  155     101         59         30       1371       1854         90        374
  156     113         67         20       2487       2905         90       1106
  157      25         94         10       2623       3457         90       1658
  158     120         20         20       1903       2865         90       1066
  159     105         26         30       2546       3391         90       1592
  160      59         77         20       2119       2464         90        665
  161     116         34         20       1924       2668         90        869
  162      45         71         10         45       1517         90          0
  163      86        109         10       2302       2644         90        845
  164      15         96         10        265        616         90          0
  165      64         88         30       2454       3271         90       1472
  166      60        115         20         46       1184         90          0
  167      63        100         10         30       1128         90          0
  168      94        104         30       2190       3169         90       1370
  169       8        102         10       1072       1544         90          0
  170      64         89         10       2165       3378         90       1579
  171      61         66         10          9        660         90          0
  172      95        121         10       1949       2587         90        788
  173      47         63         30        162        650         90          0
  174      19         96         10         57       1392         90          0
  175     103         55         20       1241       1795         90          0
  176      36         94         30       2946       3467         90       1668
  177      75        103         20        355       2023         90        374
  178      65         80         10         11        480         90          0
  179      94         56         30       1347       2256         90        485
  180      18        123         20       1109       2889         90       1090
  181      92        123         10       1681       2666         90        867
  182      12         31         20        466       1171         90          0
  183     106         81         20        184       1039         90          0
  184      98         28         10         50       1293         90          0
  185      14        133         30       1759       2037         90        374
  186     101         32         20       1939       2442         90        643
  187      25         66         10        468       1525         90          0
  188      78         61         40         12        400         90          0
  189     123         64         20        313       2315         90        518
  190     126         20         20       1838       2556         90        757
  191      72        117         10        715       2236         90        485
  192      10        105         20       1197       1607         90          0
  193     128          0         10       1259       1986         90        374
  194     130         16         30       1737       2466         90        667
  195     114         63         10       2209       2995         90       1196
  196      80         63         20         12        644         90          0
  197     113         36         10       2185       3159         90       1360
  198      15         94         30         60       1025         90          0
  199     129         77         10        945       1473         90          0
  200      85         85         20         21       1007         90          0
